42 371
42 372
42 373
43 371
43 372
43 373
43 385
43 386
43 387
44 371
44 372
44 373
44 385
44 386
44 387
45 385
45 386
45 387
47 177
47 178
47 179
48 158
48 159
48 160
48 177
48 178
48 179
49 158
49 159
49 160
49 177
49 178
49 179
49 425
49 426
49 427
50 158
50 159
50 160
50 425
50 426
50 427
51 425
51 426
51 427
57 142
57 143
57 144
58 142
58 143
58 144
59 142
59 143
59 144
61 229
61 230
61 231
62 152
62 153
62 154
62 229
62 230
62 231
62 369
62 370
62 371
63 152
63 153
63 154
63 229
63 230
63 231
63 369
63 370
63 371
64 152
64 153
64 154
64 369
64 370
64 371
72 96
72 97
72 98
73 96
73 97
73 98
74 96
74 97
74 98
75 506
75 507
75 508
76 465
76 466
76 467
76 506
76 507
76 508
76 509
77 465
77 466
77 467
77 506
77 507
77 508
77 509
78 465
78 466
78 467
78 507
78 508
78 509
80 461
80 462
80 463
81 461
81 462
81 463
82 461
82 462
82 463
89 33
89 34
89 35
90 33
90 34
90 35
91 33
91 34
91 35
91 430
91 431
91 432
92 430
92 431
92 432
93 430
93 431
93 432
96 292
96 293
96 294
97 52
97 53
97 54
97 292
97 293
97 294
98 51
98 52
98 53
98 54
98 55
98 292
98 293
98 294
99 51
99 52
99 53
99 54
99 55
99 375
99 376
99 377
99 474
99 475
99 476
100 51
100 52
100 53
100 54
100 55
100 292
100 293
100 294
100 375
100 376
100 377
100 474
100 475
100 476
101 66
101 67
101 68
101 269
101 270
101 271
101 292
101 293
101 294
101 375
101 376
101 377
101 474
101 475
101 476
102 61
102 62
102 63
102 66
102 67
102 68
102 269
102 270
102 271
102 292
102 293
102 294
103 61
103 62
103 63
103 66
103 67
103 68
103 269
103 270
103 271
104 61
104 62
104 63
104 64
104 65
104 83
104 84
104 85
104 89
104 90
104 91
105 63
105 64
105 65
105 71
105 72
105 73
105 83
105 84
105 85
105 89
105 90
105 91
106 63
106 64
106 65
106 71
106 72
106 73
106 83
106 84
106 85
106 89
106 90
106 91
106 93
106 94
106 95
106 486
106 487
106 488
107 62
107 63
107 64
107 71
107 72
107 73
107 85
107 86
107 87
107 93
107 94
107 95
107 113
107 114
107 115
107 285
107 286
107 287
107 434
107 435
107 436
107 486
107 487
107 488
108 62
108 63
108 64
108 85
108 86
108 87
108 93
108 94
108 95
108 113
108 114
108 115
108 285
108 286
108 287
108 434
108 435
108 436
108 486
108 487
108 488
109 62
109 63
109 64
109 85
109 86
109 87
109 113
109 114
109 115
109 131
109 132
109 133
109 285
109 286
109 287
109 434
109 435
109 436
110 85
110 86
110 87
110 131
110 132
110 133
111 85
111 86
111 87
111 131
111 132
111 133
112 131
112 132
112 133
112 469
112 470
112 471
113 131
113 132
113 133
113 469
113 470
113 471
114 81
114 82
114 83
114 119
114 120
114 121
114 124
114 125
114 126
114 131
114 132
114 133
114 469
114 470
114 471
115 81
115 82
115 83
115 119
115 120
115 121
115 124
115 125
115 126
115 131
115 132
115 133
115 141
115 142
115 143
115 160
115 161
115 162
115 168
115 169
115 170
115 231
115 232
115 233
115 368
115 369
115 370
116 81
116 82
116 83
116 119
116 120
116 121
116 124
116 125
116 126
116 140
116 141
116 142
116 143
116 160
116 161
116 162
116 166
116 167
116 168
116 169
116 170
116 231
116 232
116 233
116 368
116 369
116 370
116 506
116 507
116 508
117 140
117 141
117 142
117 143
117 160
117 161
117 162
117 166
117 167
117 168
117 169
117 170
117 176
117 177
117 178
117 231
117 232
117 233
117 283
117 284
117 285
117 351
117 352
117 353
117 368
117 369
117 370
117 506
117 507
117 508
118 138
118 139
118 140
118 141
118 142
118 149
118 150
118 151
118 166
118 167
118 168
118 169
118 170
118 176
118 177
118 178
118 183
118 184
118 185
118 283
118 284
118 285
118 351
118 352
118 353
118 506
118 507
118 508
119 138
119 139
119 140
119 141
119 142
119 149
119 150
119 151
119 176
119 177
119 178
119 183
119 184
119 185
119 198
119 199
119 200
119 201
119 283
119 284
119 285
119 351
119 352
119 353
120 138
120 139
120 140
120 141
120 142
120 149
120 150
120 151
120 163
120 164
120 165
120 171
120 172
120 173
120 183
120 184
120 185
120 198
120 199
120 200
120 201
121 140
121 141
121 142
121 149
121 150
121 151
121 152
121 161
121 162
121 163
121 164
121 165
121 171
121 172
121 173
121 182
121 183
121 184
121 198
121 199
121 200
121 201
121 203
121 204
121 205
122 140
122 141
122 142
122 150
122 151
122 152
122 161
122 162
122 163
122 164
122 165
122 171
122 172
122 173
122 182
122 183
122 184
122 193
122 194
122 195
122 203
122 204
122 205
123 35
123 36
123 37
123 150
123 151
123 152
123 161
123 162
123 163
123 182
123 183
123 184
123 191
123 192
123 193
123 194
123 195
123 203
123 204
123 205
124 35
124 36
124 37
124 83
124 84
124 85
124 150
124 151
124 152
124 191
124 192
124 193
124 194
124 195
125 35
125 36
125 37
125 83
125 84
125 85
125 166
125 167
125 168
125 169
125 188
125 189
125 190
125 191
125 192
125 193
125 194
125 195
125 205
125 206
125 207
126 83
126 84
126 85
126 166
126 167
126 168
126 169
126 188
126 189
126 190
126 205
126 206
126 207
126 213
126 214
126 215
127 166
127 167
127 168
127 169
127 188
127 189
127 190
127 203
127 204
127 205
127 206
127 207
127 213
127 214
127 215
127 433
127 434
127 435
128 203
128 204
128 205
128 207
128 208
128 209
128 212
128 213
128 214
128 215
128 401
128 402
128 403
128 433
128 434
128 435
129 203
129 204
129 205
129 207
129 208
129 209
129 212
129 213
129 214
129 401
129 402
129 403
129 433
129 434
129 435
130 207
130 208
130 209
130 212
130 213
130 214
130 215
130 216
130 401
130 402
130 403
131 214
131 215
131 216
131 293
131 294
131 295
132 81
132 82
132 83
132 214
132 215
132 216
132 293
132 294
132 295
133 81
133 82
133 83
133 205
133 206
133 207
133 293
133 294
133 295
133 507
133 508
133 509
134 81
134 82
134 83
134 205
134 206
134 207
134 325
134 326
134 327
134 507
134 508
134 509
135 205
135 206
135 207
135 325
135 326
135 327
135 328
135 329
135 330
135 507
135 508
135 509
136 205
136 206
136 207
136 325
136 326
136 327
136 328
136 329
136 330
136 334
136 335
136 336
137 91
137 92
137 93
137 190
137 191
137 192
137 193
137 328
137 329
137 330
137 334
137 335
137 336
138 91
138 92
138 93
138 190
138 191
138 192
138 193
138 334
138 335
138 336
139 91
139 92
139 93
139 190
139 191
139 192
139 193
140 331
140 332
140 333
140 361
140 362
140 363
140 366
140 367
140 368
141 331
141 332
141 333
141 361
141 362
141 363
141 366
141 367
141 368
142 331
142 332
142 333
142 361
142 362
142 363
142 366
142 367
142 368
144 360
144 361
144 362
144 390
144 391
144 392
144 466
144 467
144 468
145 360
145 361
145 362
145 365
145 366
145 367
145 390
145 391
145 392
145 466
145 467
145 468
146 360
146 361
146 362
146 365
146 366
146 367
146 390
146 391
146 392
146 466
146 467
146 468
147 365
147 366
147 367
148 285
148 286
148 287
148 374
148 375
148 376
148 461
148 462
148 463
149 167
149 168
149 169
149 285
149 286
149 287
149 365
149 366
149 367
149 374
149 375
149 376
149 461
149 462
149 463
150 167
150 168
150 169
150 285
150 286
150 287
150 365
150 366
150 367
150 374
150 375
150 376
150 400
150 401
150 402
150 403
150 461
150 462
150 463
151 167
151 168
151 169
151 365
151 366
151 367
151 400
151 401
151 402
151 403
152 400
152 401
152 402
152 403
153 415
153 416
153 417
154 396
154 397
154 398
154 415
154 416
154 417
154 485
154 486
154 487
155 382
155 383
155 384
155 396
155 397
155 398
155 399
155 415
155 416
155 417
155 485
155 486
155 487
156 382
156 383
156 384
156 396
156 397
156 398
156 399
156 439
156 440
156 441
156 485
156 486
156 487
157 382
157 383
157 384
157 397
157 398
157 399
157 439
157 440
157 441
158 439
158 440
158 441
163 362
163 363
163 364
164 305
164 306
164 307
164 362
164 363
164 364
165 305
165 306
165 307
165 362
165 363
165 364
166 305
166 306
166 307
170 507
170 508
170 509
171 507
171 508
171 509
172 507
172 508
172 509
175 256
175 257
175 258
176 256
176 257
176 258
177 256
177 257
177 258
188 521
188 522
188 523
189 521
189 522
189 523
190 521
190 522
190 523
195 121
195 122
195 123
196 121
196 122
196 123
197 121
197 122
197 123
199 73
199 74
199 75
200 73
200 74
200 75
201 73
201 74
201 75
204 2
204 3
204 4
204 225
204 226
204 227
205 2
205 3
205 4
205 225
205 226
205 227
206 2
206 3
206 4
206 225
206 226
206 227
211 83
211 84
211 85
211 562
211 563
211 564
212 83
212 84
212 85
212 562
212 563
212 564
213 69
213 70
213 71
213 82
213 83
213 84
213 85
213 562
213 563
213 564
214 36
214 37
214 38
214 68
214 69
214 70
214 71
214 82
214 83
214 84
215 36
215 37
215 38
215 68
215 69
215 70
215 71
215 82
215 83
215 84
216 36
216 37
216 38
216 68
216 69
216 70
217 486
217 487
217 488
218 117
218 118
218 119
218 486
218 487
218 488
219 117
219 118
219 119
219 486
219 487
219 488
220 117
220 118
220 119
220 278
220 279
220 280
221 278
221 279
221 280
222 278
222 279
222 280
231 253
231 254
231 255
232 253
232 254
232 255
232 319
232 320
232 321
233 253
233 254
233 255
233 319
233 320
233 321
233 351
233 352
233 353
234 319
234 320
234 321
234 351
234 352
234 353
235 351
235 352
235 353
235 473
235 474
235 475
236 473
236 474
236 475
237 473
237 474
237 475
238 448
238 449
238 450
239 448
239 449
239 450
239 598
239 599
239 600
240 448
240 449
240 450
240 598
240 599
240 600
241 598
241 599
241 600
242 446
242 447
242 448
243 446
243 447
243 448
244 446
244 447
244 448
244 495
244 496
244 497
245 130
245 131
245 132
245 495
245 496
245 497
246 130
246 131
246 132
246 495
246 496
246 497
247 30
247 31
247 32
247 130
247 131
247 132
248 30
248 31
248 32
249 30
249 31
249 32
249 33
249 34
250 32
250 33
250 34
251 32
251 33
251 34
255 457
255 458
255 459
256 457
256 458
256 459
256 518
256 519
256 520
257 294
257 295
257 296
257 430
257 431
257 432
257 457
257 458
257 459
257 518
257 519
257 520
258 294
258 295
258 296
258 430
258 431
258 432
258 518
258 519
258 520
259 294
259 295
259 296
259 430
259 431
259 432
260 299
260 300
260 301
261 105
261 106
261 107
261 299
261 300
261 301
261 338
261 339
261 340
262 105
262 106
262 107
262 110
262 111
262 112
262 299
262 300
262 301
262 338
262 339
262 340
262 529
262 530
262 531
263 105
263 106
263 107
263 110
263 111
263 112
263 338
263 339
263 340
263 529
263 530
263 531
264 110
264 111
264 112
264 529
264 530
264 531
267 396
267 397
267 398
268 396
268 397
268 398
269 331
269 332
269 333
269 396
269 397
269 398
270 331
270 332
270 333
271 331
271 332
271 333
273 529
273 530
273 531
274 529
274 530
274 531
275 529
275 530
275 531
279 385
279 386
279 387
280 385
280 386
280 387
281 385
281 386
281 387
281 563
281 564
281 565
282 563
282 564
282 565
283 563
283 564
283 565
286 341
286 342
286 343
287 341
287 342
287 343
288 341
288 342
288 343
291 417
291 418
291 419
292 417
292 418
292 419
293 417
293 418
293 419
294 494
294 495
294 496
295 494
295 495
295 496
296 494
296 495
296 496
297 387
297 388
297 389
298 387
298 388
298 389
299 129
299 130
299 131
299 387
299 388
299 389
300 129
300 130
300 131
300 222
300 223
300 224
301 129
301 130
301 131
301 222
301 223
301 224
302 222
302 223
302 224
302 347
302 348
302 349
303 347
303 348
303 349
304 0
304 1
304 2
304 347
304 348
304 349
305 0
305 1
305 2
305 12
305 13
305 14
306 0
306 1
306 2
306 12
306 13
306 14
307 12
307 13
307 14
307 109
307 110
307 111
308 65
308 66
308 67
308 109
308 110
308 111
309 65
309 66
309 67
309 109
309 110
309 111
309 166
309 167
309 168
310 65
310 66
310 67
310 166
310 167
310 168
311 23
311 24
311 25
311 166
311 167
311 168
311 230
311 231
311 232
312 23
312 24
312 25
312 230
312 231
312 232
312 631
312 632
312 633
313 23
313 24
313 25
313 230
313 231
313 232
313 454
313 455
313 456
313 631
313 632
313 633
314 454
314 455
314 456
314 631
314 632
314 633
315 454
315 455
315 456
318 337
318 338
318 339
319 296
319 297
319 298
319 337
319 338
319 339
320 296
320 297
320 298
320 337
320 338
320 339
321 237
321 238
321 239
321 296
321 297
321 298
321 566
321 567
321 568
322 237
322 238
322 239
322 566
322 567
322 568
323 89
323 90
323 91
323 237
323 238
323 239
323 265
323 266
323 267
323 566
323 567
323 568
324 89
324 90
324 91
324 265
324 266
324 267
325 89
325 90
325 91
325 217
325 218
325 219
325 265
325 266
325 267
326 217
326 218
326 219
327 217
327 218
327 219
331 53
331 54
331 55
332 53
332 54
332 55
333 53
333 54
333 55
333 627
333 628
333 629
334 627
334 628
334 629
335 275
335 276
335 277
335 627
335 628
335 629
336 275
336 276
336 277
336 603
336 604
336 605
337 275
337 276
337 277
337 603
337 604
337 605
338 603
338 604
338 605
346 347
346 348
346 349
347 178
347 179
347 180
347 347
347 348
347 349
347 458
347 459
347 460
348 178
348 179
348 180
348 347
348 348
348 349
348 458
348 459
348 460
349 178
349 179
349 180
349 458
349 459
349 460
350 473
350 474
350 475
351 473
351 474
351 475
352 473
352 474
352 475
353 267
353 268
353 269
354 267
354 268
354 269
354 466
354 467
354 468
354 486
354 487
354 488
355 267
355 268
355 269
355 466
355 467
355 468
355 486
355 487
355 488
356 466
356 467
356 468
356 486
356 487
356 488
356 599
356 600
356 601
357 599
357 600
357 601
358 599
358 600
358 601
365 606
365 607
365 608
366 292
366 293
366 294
366 606
366 607
366 608
367 174
367 175
367 176
367 292
367 293
367 294
367 606
367 607
367 608
368 164
368 165
368 166
368 174
368 175
368 176
368 292
368 293
368 294
369 164
369 165
369 166
369 174
369 175
369 176
370 164
370 165
370 166
372 300
372 301
372 302
373 300
373 301
373 302
374 300
374 301
374 302
375 594
375 595
375 596
376 594
376 595
376 596
377 594
377 595
377 596
387 168
387 169
387 170
388 168
388 169
388 170
389 168
389 169
389 170
391 380
391 381
391 382
392 380
392 381
392 382
393 380
393 381
393 382
403 576
403 577
403 578
404 576
404 577
404 578
405 576
405 577
405 578
406 503
406 504
406 505
407 15
407 16
407 17
407 141
407 142
407 143
407 503
407 504
407 505
408 15
408 16
408 17
408 141
408 142
408 143
408 503
408 504
408 505
409 15
409 16
409 17
409 123
409 124
409 125
409 141
409 142
409 143
410 123
410 124
410 125
410 229
410 230
410 231
411 123
411 124
411 125
411 229
411 230
411 231
411 240
411 241
411 242
411 557
411 558
411 559
412 229
412 230
412 231
412 240
412 241
412 242
412 557
412 558
412 559
413 240
413 241
413 242
413 431
413 432
413 433
413 557
413 558
413 559
414 148
414 149
414 150
414 431
414 432
414 433
414 558
414 559
414 560
415 148
415 149
415 150
415 431
415 432
415 433
415 558
415 559
415 560
416 148
416 149
416 150
416 558
416 559
416 560
423 625
423 626
423 627
424 625
424 626
424 627
425 464
425 465
425 466
425 625
425 626
425 627
426 464
426 465
426 466
427 172
427 173
427 174
427 352
427 353
427 354
427 464
427 465
427 466
428 172
428 173
428 174
428 352
428 353
428 354
429 172
429 173
429 174
429 352
429 353
429 354
437 487
437 488
437 489
438 487
438 488
438 489
439 487
439 488
439 489
441 491
441 492
441 493
442 491
442 492
442 493
443 491
443 492
443 493
445 244
445 245
445 246
446 244
446 245
446 246
447 54
447 55
447 56
447 95
447 96
447 97
447 244
447 245
447 246
448 54
448 55
448 56
448 95
448 96
448 97
449 54
449 55
449 56
449 95
449 96
449 97
452 15
452 16
452 17
453 15
453 16
453 17
454 15
454 16
454 17
458 608
458 609
458 610
459 608
459 609
459 610
460 608
460 609
460 610
464 178
464 179
464 180
465 174
465 175
465 176
465 178
465 179
465 180
466 174
466 175
466 176
466 178
466 179
466 180
467 174
467 175
467 176
469 236
469 237
469 238
470 236
470 237
470 238
471 236
471 237
471 238
473 296
473 297
473 298
473 406
473 407
473 408
474 296
474 297
474 298
474 406
474 407
474 408
475 79
475 80
475 81
475 296
475 297
475 298
475 406
475 407
475 408
476 5
476 6
476 7
476 79
476 80
476 81
477 5
477 6
477 7
477 79
477 80
477 81
477 456
477 457
477 458
478 5
478 6
478 7
478 456
478 457
478 458
479 456
479 457
479 458
