56 51
56 52
56 53
56 54
56 115
56 116
56 117
57 51
57 52
57 53
57 54
57 115
57 116
57 117
58 51
58 52
58 53
58 54
58 115
58 116
58 117
69 527
69 528
69 529
70 527
70 528
70 529
71 527
71 528
71 529
73 520
73 521
73 522
74 520
74 521
74 522
75 520
75 521
75 522
76 419
76 420
76 421
76 521
76 522
76 523
77 419
77 420
77 421
77 521
77 522
77 523
78 419
78 420
78 421
78 521
78 522
78 523
89 347
89 348
89 349
90 347
90 348
90 349
91 347
91 348
91 349
94 183
94 184
94 185
95 97
95 98
95 99
95 183
95 184
95 185
96 97
96 98
96 99
96 183
96 184
96 185
97 97
97 98
97 99
97 144
97 145
97 146
98 144
98 145
98 146
99 144
99 145
99 146
101 414
101 415
101 416
102 414
102 415
102 416
103 414
103 415
103 416
103 576
103 577
103 578
104 263
104 264
104 265
104 576
104 577
104 578
105 263
105 264
105 265
105 576
105 577
105 578
106 263
106 264
106 265
108 185
108 186
108 187
109 185
109 186
109 187
110 185
110 186
110 187
110 242
110 243
110 244
111 242
111 243
111 244
112 242
112 243
112 244
113 398
113 399
113 400
114 398
114 399
114 400
115 398
115 399
115 400
125 241
125 242
125 243
126 241
126 242
126 243
127 241
127 242
127 243
127 524
127 525
127 526
128 524
128 525
128 526
129 524
129 525
129 526
129 601
129 602
129 603
130 76
130 77
130 78
130 95
130 96
130 97
130 425
130 426
130 427
130 601
130 602
130 603
131 76
131 77
131 78
131 95
131 96
131 97
131 425
131 426
131 427
131 601
131 602
131 603
132 76
132 77
132 78
132 95
132 96
132 97
132 257
132 258
132 259
132 425
132 426
132 427
133 257
133 258
133 259
134 55
134 56
134 57
134 257
134 258
134 259
134 436
134 437
134 438
134 596
134 597
134 598
135 55
135 56
135 57
135 436
135 437
135 438
135 439
135 596
135 597
135 598
136 55
136 56
136 57
136 436
136 437
136 438
136 439
136 440
136 596
136 597
136 598
137 437
137 438
137 439
137 440
138 47
138 48
138 49
138 116
138 117
138 118
138 438
138 439
138 440
138 459
138 460
138 461
138 502
138 503
138 504
139 47
139 48
139 49
139 116
139 117
139 118
139 459
139 460
139 461
139 493
139 494
139 495
139 502
139 503
139 504
140 47
140 48
140 49
140 116
140 117
140 118
140 449
140 450
140 451
140 459
140 460
140 461
140 493
140 494
140 495
140 502
140 503
140 504
141 449
141 450
141 451
141 493
141 494
141 495
141 513
141 514
141 515
142 449
142 450
142 451
142 500
142 501
142 502
142 513
142 514
142 515
143 142
143 143
143 144
143 500
143 501
143 502
143 513
143 514
143 515
144 142
144 143
144 144
144 156
144 157
144 158
144 159
144 449
144 450
144 451
144 500
144 501
144 502
144 531
144 532
144 533
144 536
144 537
144 538
145 142
145 143
145 144
145 156
145 157
145 158
145 159
145 449
145 450
145 451
145 487
145 488
145 489
145 530
145 531
145 532
145 533
145 536
145 537
145 538
146 156
146 157
146 158
146 159
146 449
146 450
146 451
146 468
146 469
146 470
146 487
146 488
146 489
146 521
146 522
146 523
146 530
146 531
146 532
146 533
146 536
146 537
146 538
146 539
146 540
146 541
146 542
146 543
147 468
147 469
147 470
147 487
147 488
147 489
147 490
147 491
147 492
147 504
147 505
147 506
147 508
147 509
147 510
147 521
147 522
147 523
147 530
147 531
147 532
147 539
147 540
147 541
147 542
147 543
147 544
147 545
147 546
147 576
147 577
147 578
148 468
148 469
148 470
148 490
148 491
148 492
148 500
148 501
148 502
148 504
148 505
148 506
148 508
148 509
148 510
148 518
148 519
148 520
148 521
148 522
148 523
148 530
148 531
148 532
148 539
148 540
148 541
148 542
148 543
148 544
148 545
148 546
148 573
148 574
148 575
148 576
148 577
148 578
149 447
149 448
149 449
149 490
149 491
149 492
149 500
149 501
149 502
149 504
149 505
149 506
149 508
149 509
149 510
149 518
149 519
149 520
149 530
149 531
149 532
149 544
149 545
149 546
149 573
149 574
149 575
149 576
149 577
149 578
149 591
149 592
149 593
149 602
149 603
149 604
150 447
150 448
150 449
150 500
150 501
150 502
150 518
150 519
150 520
150 530
150 531
150 532
150 544
150 545
150 546
150 547
150 548
150 562
150 563
150 564
150 573
150 574
150 575
150 591
150 592
150 593
150 602
150 603
150 604
151 447
151 448
151 449
151 518
151 519
151 520
151 546
151 547
151 548
151 562
151 563
151 564
151 591
151 592
151 593
151 602
151 603
151 604
152 546
152 547
152 548
152 562
152 563
152 564
152 586
152 587
152 588
152 595
152 596
152 597
153 586
153 587
153 588
153 593
153 594
153 595
153 596
153 597
154 586
154 587
154 588
154 593
154 594
154 595
154 596
154 597
155 448
155 449
155 450
155 543
155 544
155 545
155 593
155 594
155 595
156 448
156 449
156 450
156 454
156 455
156 456
156 543
156 544
156 545
156 546
156 547
157 448
157 449
157 450
157 454
157 455
157 456
157 543
157 544
157 545
157 546
157 547
158 454
158 455
158 456
158 545
158 546
158 547
160 518
160 519
160 520
160 593
160 594
160 595
161 103
161 104
161 105
161 518
161 519
161 520
161 593
161 594
161 595
162 103
162 104
162 105
162 518
162 519
162 520
162 568
162 569
162 570
162 593
162 594
162 595
163 103
163 104
163 105
163 568
163 569
163 570
164 568
164 569
164 570
166 565
166 566
166 567
167 218
167 219
167 220
167 565
167 566
167 567
168 218
168 219
168 220
168 461
168 462
168 463
168 565
168 566
168 567
169 218
169 219
169 220
169 327
169 328
169 329
169 461
169 462
169 463
170 327
170 328
170 329
170 461
170 462
170 463
171 71
171 72
171 73
171 130
171 131
171 132
171 327
171 328
171 329
172 71
172 72
172 73
172 130
172 131
172 132
173 71
173 72
173 73
173 130
173 131
173 132
174 180
174 181
174 182
175 175
175 176
175 177
175 180
175 181
175 182
176 120
176 121
176 122
176 175
176 176
176 177
176 180
176 181
176 182
176 286
176 287
176 288
176 447
176 448
176 449
177 120
177 121
177 122
177 175
177 176
177 177
177 286
177 287
177 288
177 447
177 448
177 449
178 120
178 121
178 122
178 123
178 124
178 286
178 287
178 288
178 447
178 448
178 449
178 472
178 473
178 474
179 122
179 123
179 124
179 472
179 473
179 474
180 122
180 123
180 124
180 336
180 337
180 338
180 472
180 473
180 474
181 336
181 337
181 338
181 521
181 522
181 523
182 336
182 337
182 338
182 521
182 522
182 523
183 521
183 522
183 523
183 586
183 587
183 588
184 521
184 522
184 523
184 565
184 566
184 567
184 584
184 585
184 586
184 587
184 588
185 117
185 118
185 119
185 332
185 333
185 334
185 565
185 566
185 567
185 583
185 584
185 585
185 586
185 587
185 588
186 117
186 118
186 119
186 150
186 151
186 152
186 332
186 333
186 334
186 565
186 566
186 567
186 583
186 584
186 585
186 586
187 117
187 118
187 119
187 150
187 151
187 152
187 332
187 333
187 334
187 583
187 584
187 585
188 150
188 151
188 152
188 285
188 286
188 287
189 285
189 286
189 287
190 285
190 286
190 287
190 540
190 541
190 542
191 540
191 541
191 542
191 610
191 611
191 612
192 540
192 541
192 542
192 610
192 611
192 612
193 610
193 611
193 612
206 63
206 64
206 65
207 63
207 64
207 65
207 171
207 172
207 173
208 63
208 64
208 65
208 171
208 172
208 173
209 171
209 172
209 173
219 61
219 62
219 63
220 61
220 62
220 63
221 61
221 62
221 63
224 108
224 109
224 110
225 108
225 109
225 110
226 108
226 109
226 110
227 451
227 452
227 453
228 451
228 452
228 453
229 451
229 452
229 453
230 620
230 621
230 622
231 620
231 621
231 622
232 620
232 621
232 622
233 596
233 597
233 598
234 596
234 597
234 598
235 440
235 441
235 442
235 596
235 597
235 598
236 285
236 286
236 287
236 440
236 441
236 442
237 285
237 286
237 287
237 440
237 441
237 442
238 285
238 286
238 287
238 288
238 289
239 287
239 288
239 289
240 287
240 288
240 289
240 402
240 403
240 404
241 402
241 403
241 404
242 402
242 403
242 404
243 42
243 43
243 44
244 42
244 43
244 44
244 489
244 490
244 491
245 42
245 43
245 44
245 489
245 490
245 491
246 469
246 470
246 471
246 489
246 490
246 491
247 469
247 470
247 471
248 469
248 470
248 471
254 29
254 30
254 31
254 285
254 286
254 287
255 29
255 30
255 31
255 285
255 286
255 287
256 29
256 30
256 31
256 285
256 286
256 287
260 112
260 113
260 114
261 111
261 112
261 113
261 114
262 111
262 112
262 113
262 114
263 111
263 112
263 113
263 337
263 338
263 339
264 337
264 338
264 339
265 87
265 88
265 89
265 323
265 324
265 325
265 337
265 338
265 339
266 87
266 88
266 89
266 323
266 324
266 325
266 337
266 338
266 339
267 87
267 88
267 89
267 244
267 245
267 246
267 323
267 324
267 325
267 328
267 329
267 330
268 243
268 244
268 245
268 246
268 255
268 256
268 257
268 326
268 327
268 328
268 329
268 330
268 333
268 334
268 335
269 243
269 244
269 245
269 246
269 255
269 256
269 257
269 326
269 327
269 328
269 329
269 330
269 333
269 334
269 335
270 219
270 220
270 221
270 243
270 244
270 245
270 255
270 256
270 257
270 326
270 327
270 328
270 333
270 334
270 335
270 626
270 627
270 628
271 219
271 220
271 221
271 230
271 231
271 232
271 307
271 308
271 309
271 321
271 322
271 323
271 626
271 627
271 628
272 219
272 220
272 221
272 230
272 231
272 232
272 307
272 308
272 309
272 321
272 322
272 323
272 626
272 627
272 628
273 230
273 231
273 232
273 307
273 308
273 309
273 321
273 322
273 323
274 319
274 320
274 321
274 323
274 324
274 325
275 319
275 320
275 321
275 323
275 324
275 325
276 319
276 320
276 321
276 323
276 324
276 325
277 573
277 574
277 575
278 573
278 574
278 575
279 573
279 574
279 575
283 183
283 184
283 185
284 181
284 182
284 183
284 184
284 185
285 181
285 182
285 183
285 184
285 185
286 181
286 182
286 183
288 306
288 307
288 308
289 306
289 307
289 308
290 306
290 307
290 308
294 11
294 12
294 13
295 11
295 12
295 13
296 11
296 12
296 13
299 605
299 606
299 607
300 605
300 606
300 607
301 605
301 606
301 607
308 177
308 178
308 179
309 177
309 178
309 179
310 177
310 178
310 179
316 306
316 307
316 308
316 552
316 553
316 554
317 138
317 139
317 140
317 306
317 307
317 308
317 552
317 553
317 554
318 138
318 139
318 140
318 306
318 307
318 308
318 552
318 553
318 554
319 138
319 139
319 140
325 361
325 362
325 363
326 195
326 196
326 197
326 361
326 362
326 363
327 195
327 196
327 197
327 361
327 362
327 363
328 195
328 196
328 197
344 314
344 315
344 316
345 314
345 315
345 316
346 314
346 315
346 316
348 601
348 602
348 603
349 112
349 113
349 114
349 601
349 602
349 603
350 112
350 113
350 114
350 601
350 602
350 603
351 112
351 113
351 114
356 400
356 401
356 402
357 400
357 401
357 402
358 400
358 401
358 402
361 283
361 284
361 285
361 294
361 295
361 296
362 283
362 284
362 285
362 294
362 295
362 296
362 484
362 485
362 486
363 246
363 247
363 248
363 283
363 284
363 285
363 294
363 295
363 296
363 484
363 485
363 486
364 246
364 247
364 248
364 484
364 485
364 486
364 498
364 499
364 500
365 246
365 247
365 248
365 430
365 431
365 432
365 498
365 499
365 500
366 430
366 431
366 432
366 498
366 499
366 500
367 38
367 39
367 40
367 137
367 138
367 139
367 430
367 431
367 432
368 38
368 39
368 40
368 137
368 138
368 139
369 38
369 39
369 40
369 137
369 138
369 139
370 50
370 51
370 52
371 50
371 51
371 52
371 587
371 588
371 589
372 50
372 51
372 52
372 587
372 588
372 589
373 587
373 588
373 589
374 593
374 594
374 595
375 442
375 443
375 444
375 593
375 594
375 595
376 442
376 443
376 444
376 593
376 594
376 595
377 161
377 162
377 163
377 442
377 443
377 444
378 161
378 162
378 163
379 161
379 162
379 163
380 6
380 7
380 8
380 592
380 593
380 594
381 6
381 7
381 8
381 592
381 593
381 594
382 6
382 7
382 8
382 592
382 593
382 594
383 0
383 1
383 2
383 253
383 254
383 255
384 0
384 1
384 2
384 253
384 254
384 255
385 0
385 1
385 2
385 213
385 214
385 215
385 253
385 254
385 255
386 109
386 110
386 111
386 213
386 214
386 215
387 109
387 110
387 111
387 213
387 214
387 215
387 221
387 222
387 223
388 109
388 110
388 111
388 221
388 222
388 223
389 221
389 222
389 223
394 26
394 27
394 28
395 26
395 27
395 28
396 1
396 2
396 3
396 26
396 27
396 28
397 1
397 2
397 3
397 116
397 117
397 118
398 1
398 2
398 3
398 116
398 117
398 118
399 116
399 117
399 118
402 143
402 144
402 145
403 110
403 111
403 112
403 143
403 144
403 145
404 110
404 111
404 112
404 143
404 144
404 145
405 110
405 111
405 112
410 174
410 175
410 176
411 174
411 175
411 176
412 174
412 175
412 176
412 233
412 234
412 235
413 86
413 87
413 88
413 233
413 234
413 235
414 67
414 68
414 69
414 86
414 87
414 88
414 233
414 234
414 235
415 67
415 68
415 69
415 86
415 87
415 88
416 67
416 68
416 69
420 255
420 256
420 257
420 413
420 414
420 415
421 255
421 256
421 257
421 413
421 414
421 415
422 255
422 256
422 257
422 413
422 414
422 415
425 409
425 410
425 411
426 409
426 410
426 411
427 409
427 410
427 411
429 119
429 120
429 121
430 119
430 120
430 121
430 572
430 573
430 574
431 119
431 120
431 121
431 572
431 573
431 574
432 292
432 293
432 294
432 572
432 573
432 574
433 292
433 293
433 294
434 292
434 293
434 294
436 477
436 478
436 479
436 527
436 528
436 529
437 477
437 478
437 479
437 527
437 528
437 529
438 477
438 478
438 479
438 527
438 528
438 529
439 463
439 464
439 465
440 225
440 226
440 227
440 463
440 464
440 465
441 155
441 156
441 157
441 211
441 212
441 213
441 225
441 226
441 227
441 463
441 464
441 465
442 155
442 156
442 157
442 211
442 212
442 213
442 225
442 226
442 227
443 155
443 156
443 157
443 211
443 212
443 213
443 512
443 513
443 514
444 512
444 513
444 514
445 512
445 513
445 514
446 401
446 402
446 403
447 401
447 402
447 403
448 401
448 402
448 403
449 548
449 549
449 550
450 548
450 549
450 550
451 548
451 549
451 550
456 549
456 550
456 551
457 338
457 339
457 340
457 548
457 549
457 550
457 551
458 338
458 339
458 340
458 548
458 549
458 550
458 551
459 338
459 339
459 340
459 548
459 549
459 550
460 408
460 409
460 410
461 408
461 409
461 410
462 408
462 409
462 410
463 493
463 494
463 495
464 493
464 494
464 495
465 376
465 377
465 378
465 468
465 469
465 470
465 493
465 494
465 495
466 95
466 96
466 97
466 376
466 377
466 378
466 468
466 469
466 470
467 95
467 96
467 97
467 376
467 377
467 378
467 468
467 469
467 470
468 95
468 96
468 97
473 630
473 631
473 632
474 630
474 631
474 632
475 630
475 631
475 632
476 27
476 28
476 29
476 202
476 203
476 204
477 27
477 28
477 29
477 202
477 203
477 204
478 27
478 28
478 29
478 202
478 203
478 204
