42 371
42 372
42 373
43 371
43 372
43 373
43 385
43 386
43 387
44 371
44 372
44 373
44 385
44 386
44 387
45 385
45 386
45 387
47 177
47 178
47 179
48 158
48 159
48 160
48 177
48 178
48 179
49 158
49 159
49 160
49 177
49 178
49 179
49 425
49 426
49 427
50 158
50 159
50 160
50 425
50 426
50 427
51 425
51 426
51 427
57 142
57 143
57 144
58 142
58 143
58 144
59 142
59 143
59 144
61 229
61 230
61 231
62 152
62 153
62 154
62 229
62 230
62 231
62 369
62 370
62 371
63 152
63 153
63 154
63 229
63 230
63 231
63 369
63 370
63 371
64 152
64 153
64 154
64 369
64 370
64 371
72 96
72 97
72 98
73 96
73 97
73 98
74 96
74 97
74 98
75 506
75 507
75 508
76 465
76 466
76 467
76 506
76 507
76 508
76 509
