56 51
56 52
56 53
56 54
56 115
56 116
56 117
57 51
57 52
57 53
57 54
57 115
57 116
57 117
58 51
58 52
58 53
58 54
58 115
58 116
58 117
69 527
69 528
69 529
70 527
70 528
70 529
71 527
71 528
71 529
73 520
73 521
73 522
74 520
74 521
74 522
75 520
75 521
75 522
76 419
76 420
76 421
76 521
76 522
76 523
77 419
77 420
77 421
77 521
77 522
77 523
78 419
78 420
78 421
78 521
78 522
78 523
89 347
89 348
89 349
90 347
90 348
90 349
91 347
91 348
91 349
94 183
94 184
94 185
95 97
95 98
95 99
95 183
95 184
95 185
96 97
96 98
96 99
96 183
96 184
96 185
97 97
97 98
97 99
97 144
97 145
97 146
98 144
98 145
98 146
99 144
99 145
99 146
101 414
101 415
101 416
102 414
102 415
102 416
103 414
